,f1-score,precision,recall,support
0,0.85128908930497,0.8348394539511632,0.8684,5000.0
1,0.8451882845188285,0.8628881016878517,0.8282,5000.0
accuracy,0.8483,0.8483,0.8483,0.8483
macro avg,0.8482386869118993,0.8488637778195074,0.8483,10000.0
weighted avg,0.8482386869118993,0.8488637778195074,0.8483,10000.0
